0 8 5 4 12 
0 8 14 
0 8 14 2 12 
0 2 12 
0 2 12 8 14 
0 2 12 15 10 8 14 
0 2 12 15 10 13 8 14 
0 2 12 7 4 10 8 14 
0 2 12 7 4 10 13 8 14 
0 2 12 7 15 10 8 14 
0 2 12 7 15 10 13 8 14 
0 2 12 1 5 4 10 8 14 
0 2 12 1 5 4 10 13 8 14 
0 2 12 1 5 4 7 15 10 8 14 
0 2 12 1 5 4 7 15 10 13 8 14 
1 12 
1 5 4 10 8 14 2 12 
1 5 4 10 13 8 14 2 12 
1 5 4 7 15 10 8 14 2 12 
1 5 4 7 15 10 13 8 14 2 12 
1 5 4 12 
2 11 3 
2 12 8 14 
2 12 15 10 8 14 
2 12 15 10 13 8 14 
2 12 7 4 10 8 14 
2 12 7 4 10 13 8 14 
2 12 7 15 10 8 14 
2 12 7 15 10 13 8 14 
4 10 8 5 
4 10 13 8 5 
4 7 
4 7 15 10 8 5 
4 7 15 10 13 8 5 
4 12 8 5 
4 12 15 10 8 5 
4 12 15 10 13 8 5 
4 12 7 
4 12 7 15 10 8 5 
4 12 7 15 10 13 8 5 
8 14 10 
8 14 10 13 
