0 15 3 6 1 8 9 12 2 5 14 
0 15 3 6 1 8 9 12 2 5 
0 15 3 6 1 8 9 14 
0 15 3 6 1 8 9 14 5 
0 15 3 6 1 8 14 
0 15 3 6 1 8 14 5 
0 15 3 6 8 9 12 2 5 14 
0 15 3 6 8 9 12 2 5 
0 15 3 6 8 9 14 
0 15 3 6 8 9 14 5 
0 15 3 6 8 14 
0 15 3 6 8 14 5 
0 15 3 9 12 2 5 14 
0 15 3 9 12 2 5 
0 15 3 9 14 
0 15 3 9 14 5 
0 15 6 1 8 9 12 2 5 14 
0 15 6 1 8 9 12 2 5 
0 15 6 1 8 9 14 
0 15 6 1 8 9 14 5 
0 15 6 1 8 14 11 3 9 12 2 5 
0 15 6 1 8 14 
0 15 6 1 8 14 5 
0 15 6 8 9 12 2 5 14 
0 15 6 8 9 12 2 5 
0 15 6 8 9 14 
0 15 6 8 9 14 5 
0 15 6 8 14 11 3 9 12 2 5 
0 15 6 8 14 
0 15 6 8 14 5 
0 15 4 9 12 7 3 6 1 8 14 
0 15 4 9 12 7 3 6 1 8 14 5 
0 15 4 9 12 7 3 6 8 14 
0 15 4 9 12 7 3 6 8 14 5 
0 15 4 9 12 2 5 14 
0 15 4 9 12 2 5 
0 15 4 9 14 
0 15 4 9 14 5 
1 15 3 6 
1 15 3 9 12 2 5 14 6 
1 15 3 9 14 6 
1 15 6 
1 15 4 9 12 7 3 6 
1 15 4 9 12 2 5 14 11 3 6 
1 15 4 9 12 2 5 14 6 
1 15 4 9 14 11 3 6 
1 15 4 9 14 6 
1 8 9 12 7 3 6 
1 8 9 12 2 5 14 11 3 6 
1 8 9 12 2 5 14 6 
1 8 9 12 2 5 14 15 3 6 
1 8 9 12 2 5 14 15 6 
1 8 9 15 3 6 
1 8 9 15 6 
1 8 9 14 11 3 6 
1 8 9 14 6 
1 8 9 14 15 3 6 
1 8 9 14 15 6 
1 8 14 11 3 6 
1 8 14 11 3 9 15 6 
1 8 14 6 
1 8 14 15 3 6 
1 8 14 15 6 
1 8 14 15 4 9 12 7 3 6 
2 5 14 11 3 6 8 9 12 
2 5 14 11 3 9 12 
2 5 14 6 8 9 12 
2 5 14 15 3 6 8 9 12 
2 5 14 15 3 9 12 
2 5 14 15 6 8 9 12 
2 5 14 15 4 9 12 
3 6 8 9 12 7 
3 6 8 9 15 
3 6 8 9 14 11 
3 6 8 9 14 15 
3 6 8 14 11 
3 6 8 14 15 
3 6 8 14 15 4 9 12 7 
3 9 12 7 
3 9 15 
3 9 15 6 8 14 11 
3 9 14 11 
3 9 14 15 
4 9 15 
4 9 14 15 
5 14 
6 8 9 15 
6 8 9 14 
6 8 9 14 15 
6 8 14 
6 8 14 15 
7 9 12 
