0 6 10 14 9 1 11 
0 6 10 14 11 
0 6 10 
0 6 10 8 9 1 5 2 3 14 11 
0 6 10 8 9 1 11 
0 6 10 8 9 1 3 14 11 
0 6 14 9 1 5 2 3 7 12 10 
0 6 14 9 1 10 
0 6 14 9 1 11 
0 6 14 9 1 3 7 12 10 
0 6 14 9 4 12 10 
0 6 14 9 4 7 12 10 
0 6 14 11 
1 5 2 8 13 6 10 14 9 
1 5 2 8 13 6 14 9 
1 5 2 8 9 
1 5 2 3 14 9 
1 5 2 3 7 12 10 14 9 
1 5 2 3 7 12 10 8 13 6 14 9 
1 5 2 3 7 12 10 8 9 
1 10 14 9 
1 10 8 13 6 14 9 
1 10 8 9 
1 3 14 9 
1 3 7 12 10 14 9 
1 3 7 12 10 8 13 6 14 9 
1 3 7 12 10 8 9 
4 12 10 14 9 
4 12 10 
4 12 10 8 13 6 14 9 
4 12 10 8 9 
4 7 12 10 14 9 
4 7 12 10 
4 7 12 10 8 13 6 14 9 
4 7 12 10 8 9 
6 10 8 13 
7 12 10 
