0 15 12 5 14 
0 15 12 5 10 
0 15 12 5 10 13 
0 15 12 10 
0 15 12 10 13 
0 15 12 10 13 5 14 
0 15 13 
0 15 13 5 14 
0 15 13 5 10 
0 15 6 1 11 5 14 
0 15 6 1 11 5 10 
0 15 6 1 11 5 10 13 
0 15 6 7 5 14 
0 15 6 7 5 10 
0 15 6 7 5 10 13 
0 15 6 7 8 3 11 5 14 
0 15 6 7 8 3 11 5 10 
0 15 6 7 8 3 11 5 10 13 
0 8 15 12 5 14 
0 8 15 12 5 10 
0 8 15 12 5 10 13 
0 8 15 12 10 
0 8 15 12 10 13 
0 8 15 12 10 13 5 14 
0 8 15 13 
0 8 15 13 5 14 
0 8 15 13 5 10 
0 8 15 6 1 11 5 14 
0 8 15 6 1 11 5 10 
0 8 15 6 1 11 5 10 13 
0 8 15 6 7 5 14 
0 8 15 6 7 5 10 
0 8 15 6 7 5 10 13 
0 8 3 11 5 14 
0 8 3 11 5 10 
0 8 3 11 5 10 13 
0 8 3 15 12 5 14 
0 8 3 15 12 5 10 
0 8 3 15 12 5 10 13 
0 8 3 15 12 10 
0 8 3 15 12 10 13 
0 8 3 15 12 10 13 5 14 
0 8 3 15 13 
0 8 3 15 13 5 14 
0 8 3 15 13 5 10 
0 8 3 15 6 1 11 5 14 
0 8 3 15 6 1 11 5 10 
0 8 3 15 6 1 11 5 10 13 
0 8 3 15 6 7 5 14 
0 8 3 15 6 7 5 10 
0 8 3 15 6 7 5 10 13 
1 6 
3 15 6 7 8 
5 10 13 
6 7 8 15 
