0 1 8 13 2 10 
0 1 8 13 15 7 2 10 
0 1 8 13 15 
0 1 8 13 15 2 10 
0 1 8 13 10 
0 5 9 
0 5 9 7 2 10 
0 5 9 7 2 8 13 15 
0 5 9 7 2 8 13 10 
0 5 9 7 2 6 1 8 13 15 
0 5 9 7 2 6 1 8 13 10 
0 5 9 7 2 1 8 13 15 
0 5 9 7 2 1 8 13 10 
0 5 9 3 15 7 2 10 
0 5 9 3 15 7 2 8 13 10 
0 5 9 3 15 7 2 6 1 8 13 10 
0 5 9 3 15 7 2 1 8 13 10 
0 5 9 3 15 
0 5 9 3 15 2 10 
0 5 9 3 15 2 8 13 10 
0 5 9 3 15 2 6 1 8 13 10 
0 5 9 3 15 2 1 8 13 10 
0 5 13 2 10 
0 5 13 15 7 2 10 
0 5 13 15 
0 5 13 15 2 10 
0 5 13 10 
1 8 13 2 6 
1 8 13 2 
1 8 13 15 7 2 6 
1 8 13 15 7 2 
1 8 13 15 2 6 
1 8 13 15 2 
2 8 13 
2 8 13 15 7 
2 8 13 15 
2 6 
